Q

’ ’4444444444 444, 44. 444.

apto 444,44,

βαρνάμενος 44, 4. 94, 4.

βίλλομαι 499, 49. ,

-βολιβόωε πιριβολιβῶσαι 476, 49 sq.

44644444 46, 6.

444444 44,4.

*fastmot 47, 9.

(4444444 (7) 44, 44.

γράφω 444, 4.

Rapum& 447, 4. 444, 4. 444, 4.
444, 4. ,

444χμ4 444, 4 (44. n. 444, 44. 44).

4444444 499, 44. ’

4444444647] 44, 46.

44444444 444, 44.

4444444444 496.

4444 444, 44. 444, 4.

44444444 444, 44.

444 (4) 44 4, 4.

4444444444, 4444,4; praev
444, 4.

&fimo 449, 4.

4144444 457, 6.

εἰμί verbi formae: 4444 446 Δ, 49.
((44 444, 44. 444 44, 44.

siwia 456, 44.

ἐμβοὺνιμος 447, 4.

Mna (4) 447, 6.

44444444 444 A, 4.

4444444 446, 46. 447, 6. 7.

4444444444444.4444,4(44.444.4,44).

4444444444 466, 4.

· 444444444πεὺ4 494, 4.

44444 444 E, 44. 444, 44 sq.

ἐξορόζω 474, 44.

&adnot 44, 46. 44444644 49, 7.

44444444 444, a.

44444444 444, 5.

4444444464 46 Δ, 4.

4444444444 447 5, 4. ·

444444ηὲ 44, 4.

&mizdon 454, 4.

’4444444444 444, 44.

Ῐάδος 444, 7. .

-Ῐηλέωι &famam 46, 444. 4444-
,ῑηλίοι 444, 7.

lnam.

44144444 544, 4.

44444 444 4, 4.

Qu 44, 444.
4444464 544.

4444444 445, 4.

&tw 44444.

444444( 445, 46.

4444444444 494, 47.
{mmm 444, 4.
ἰαράμαος 444, 4. 456, 6.
4444444) 444, 4.
lambo< 474, 6.
(νὼλισμίνος 474, 46.
(1444414644νῂ) 44, 49.
uk σηρατόριν 46, 44 eum 44444.
444ληὶ 47, 46.

·’ 1444444444 444 4444444444, dubium

447, 4.
44414444 (7) 446 Δ, 49.
πηδαν 464, 44.
4444444 vel 444444 (7) 449, 4.
ιοιακτήρ 64, 54.
κόρμονς 447, 5.
44444444 476, 4.
λέξομαι 449, 4. 446 Β, 47.
λατρηΐωμι 444, 7.
λαῦαν (4) 44,444141.
λύω, Mo 444, 45. 444, 6. 444, 4.

¹ (44444444 444.

λητὴ 94.
4444464 444 C, 49.

446444 47, 4 44441.

444 444, a.
(44444444 464, 4.

(444444 469, 44.
mmmmmz.

4444 444, 44.
μικκιχιδῦόμενοι 44, 6.

.· μνᾶν 4444444444 444, 44.

Μνησεύς 464, '
μῶα 44, 44.

444 449 444, 4. ’
Ν4444 444, 44.

’44 c. 44444444. 444, 444. 444, 4.

44444444 (4) 494 C, 46.
44447 96, 44. .
4444 474, 49.

 

